{"graph": [[0.0, 0.688474430238892, 0.3422240672876211, 0.7981046653534608, 0.26232837325740066, 0.7997740484658871, 0.9474012551827034, 0.3538706494900178, 0.518523975042782, 0.861158319121995, 0.47410792568829807, 0.881416547951513], [0.688474430238892, 0.0, 0.13405375120699836, 0.8645602530194417, 0.690861138479419, 0.4619779760344197, 0.6335095004045757, 0.7992286973987434, 0.6965713291326412, 0.8696537430896688, 0.248100895651446, 0.7673309994553668], [0.3422240672876211, 0.13405375120699836, 0.0, 0.788439408289825, 0.8050831100435167, 0.6119424255427315, 0.03962703174406301, 0.6618183863321394, 0.33389224284219676, 0.8765057960785951, 0.23219197446682727, 0.15130045708818307], [0.7981046653534608, 0.8645602530194417, 0.788439408289825, 0.0, 0.5870776330260212, 0.6891794470193522, 0.0477126846233239, 0.6807656027816381, 0.792643007941692, 0.31267001109480175, 0.41712460986153665, 0.5733268465831075], [0.26232837325740066, 0.690861138479419, 0.8050831100435167, 0.5870776330260212, 0.0, 0.47017447670094503, 0.5057915723488111, 0.37150511918623297, 0.7073114278116872, 0.4022043858538461, 0.0013167474373502186, 0.2997976749409008], [0.7997740484658871, 0.4619779760344197, 0.6119424255427315, 0.6891794470193522, 0.47017447670094503, 0.0, 0.4266873662163827, 0.37388652825022883, 0.39485976038726944, 0.9021706566815015, 0.7424663270906278, 0.015638620640610723], [0.9474012551827034, 0.6335095004045757, 0.03962703174406301, 0.0477126846233239, 0.5057915723488111, 0.4266873662163827, 0.0, 0.15931173971637203, 0.13561191318957722, 0.992566955785406, 0.32174396964668706, 0.9073820866376404], [0.3538706494900178, 0.7992286973987434, 0.6618183863321394, 0.6807656027816381, 0.37150511918623297, 0.37388652825022883, 0.15931173971637203, 0.0, 0.2657033386554657, 0.9282011893468904, 0.8023583297241218, 0.9960432873172725], [0.518523975042782, 0.6965713291326412, 0.33389224284219676, 0.792643007941692, 0.7073114278116872, 0.39485976038726944, 0.13561191318957722, 0.2657033386554657, 0.0, 0.45651939010598463, 0.7869112340308247, 0.24262991547507218], [0.861158319121995, 0.8696537430896688, 0.8765057960785951, 0.31267001109480175, 0.4022043858538461, 0.9021706566815015, 0.992566955785406, 0.9282011893468904, 0.45651939010598463, 0.0, 0.06622111168272793, 0.40813738587747295], [0.47410792568829807, 0.248100895651446, 0.23219197446682727, 0.41712460986153665, 0.0013167474373502186, 0.7424663270906278, 0.32174396964668706, 0.8023583297241218, 0.7869112340308247, 0.06622111168272793, 0.0, 0.8975870371872056], [0.881416547951513, 0.7673309994553668, 0.15130045708818307, 0.5733268465831075, 0.2997976749409008, 0.015638620640610723, 0.9073820866376404, 0.9960432873172725, 0.24262991547507218, 0.40813738587747295, 0.8975870371872056, 0.0]], "start_node": 8}
