{"graph": [[0.0, 0.5700505568051656, 0.5245409748295362, 0.29590184647571416, 0.6140513348362847, 0.5647357506084231, 0.6813303741046717, 0.6969170793732312, 0.680955018769027, 0.9548557008638984, 0.15651000194887454, 0.6086730190609747], [0.5700505568051656, 0.0, 0.12419722685369428, 0.9974334281209014, 0.8300809480277848, 0.0696828777285956, 0.9783855527962314, 0.9786044304442738, 0.9973239253480001, 0.5759133952027046, 0.27740569329180076, 0.47017506529899356], [0.5245409748295362, 0.12419722685369428, 0.0, 0.6470728505543468, 0.49659293376876845, 0.05754246523048434, 0.1847542915713093, 0.3341633120669084, 0.22574292672581653, 0.23190821244805304, 0.4905161656916126, 0.17010540741435376], [0.29590184647571416, 0.9974334281209014, 0.6470728505543468, 0.0, 0.8270997727880443, 0.4398812091137313, 0.5453144935289475, 0.9005993450765063, 0.42698011938744396, 0.7420331760811284, 0.9207978093941752, 0.1463608536099983], [0.6140513348362847, 0.8300809480277848, 0.49659293376876845, 0.8270997727880443, 0.0, 0.6560555756706222, 0.3129256828955457, 0.3198291202928434, 0.6537040799463212, 0.9957509994708021, 0.5933909836406301, 0.9889086222540701], [0.5647357506084231, 0.0696828777285956, 0.05754246523048434, 0.4398812091137313, 0.6560555756706222, 0.0, 0.7479557236533771, 0.8648613286474254, 0.7590313948087228, 0.558980036662366, 0.20878899384194405, 0.07979373505657805], [0.6813303741046717, 0.9783855527962314, 0.1847542915713093, 0.5453144935289475, 0.3129256828955457, 0.7479557236533771, 0.0, 0.6266402699919235, 0.802958209651019, 0.4650282175384649, 0.06221112692260222, 0.30367095741374384], [0.6969170793732312, 0.9786044304442738, 0.3341633120669084, 0.9005993450765063, 0.3198291202928434, 0.8648613286474254, 0.6266402699919235, 0.0, 0.7695705053942815, 0.43271354493061753, 0.20312833122967755, 0.21800469064739825], [0.680955018769027, 0.9973239253480001, 0.22574292672581653, 0.42698011938744396, 0.6537040799463212, 0.7590313948087228, 0.802958209651019, 0.7695705053942815, 0.0, 0.3232252597401737, 0.6755565068102228, 0.7334036296071622], [0.9548557008638984, 0.5759133952027046, 0.23190821244805304, 0.7420331760811284, 0.9957509994708021, 0.558980036662366, 0.4650282175384649, 0.43271354493061753, 0.3232252597401737, 0.0, 0.17111234186543556, 0.5218654075889367], [0.15651000194887454, 0.27740569329180076, 0.4905161656916126, 0.9207978093941752, 0.5933909836406301, 0.20878899384194405, 0.06221112692260222, 0.20312833122967755, 0.6755565068102228, 0.17111234186543556, 0.0, 0.7261387592374385], [0.6086730190609747, 0.47017506529899356, 0.17010540741435376, 0.1463608536099983, 0.9889086222540701, 0.07979373505657805, 0.30367095741374384, 0.21800469064739825, 0.7334036296071622, 0.5218654075889367, 0.7261387592374385, 0.0]], "start_node": 4}
